grammy_dates <- c('2013-02-04', '2014-01-20', '2015-02-02', '2016-02-15', '2017-02-06', '2018-01-22', '2019-02-04', '2020-01-20', '2021-01-25')
gg_dates     <- c('2013-01-07', '2014-01-06', '2015-01-05', '2016-01-04', '2017-01-02', '2017-12-11', '2018-01-01', '2018-12-31', '2019-12-30', '2020-12-30')
sb_dates     <- c('2013-01-28', '2014-01-27', '2015-01-26', '2016-02-01', '2017-01-30', '2018-01-29', '2019-01-28', '2020-01-27', '2021-02-01')

nbc_sb_dates <- c('2015-01-26', '2018-01-29' )
cbs_sb_dates <- c('2013-01-28', '2016-02-01', '2019-01-28', '2021-02-01')
fox_sb_dates <- c('2014-01-27', '2017-01-30','2020-01-27')

oscar_dates  <- c('2013-02-18', '2014-02-24', '2015-02-16', '2016-02-22', '2017-02-20', '2018-02-26', '2019-02-18', '2020-02-03', '2021-02-22')  

bigbang_dates <- c( "2016-01-04", "2016-01-11", "2016-02-01", "2016-02-08", "2016-02-15", "2016-02-22","2016-03-07", "2016-03-28" ,"2016-04-04" ,"2016-04-18", "2016-04-25",
                    "2016-05-02", "2016-05-09", "2016-09-19", "2016-09-26", "2016-10-03", "2016-10-10", "2016-10-17", "2016-10-24", "2016-10-31", "2016-11-07", "2016-11-14",
                    "2016-11-28", "2016-12-12" ,"2017-01-02", "2017-01-16", "2017-01-30", "2017-02-06", "2017-02-13", "2017-02-20", "2017-03-06", "2017-03-27", 
                    "2017-04-03", "2017-04-10", "2017-04-24", "2017-05-01" ,"2017-05-08", "2017-09-25", "2017-10-02", "2017-10-09", "2017-10-16", "2017-10-23", 
                    "2017-10-30", "2017-11-06", "2017-11-13", "2017-11-27", "2017-12-04", "2017-12-11","2018-01-01", "2018-01-08",
                    "2018-01-15" ,"2018-01-29", "2018-02-26", "2018-03-05" ,"2018-03-26" ,"2018-04-02" ,"2018-04-09", 
                    "2018-04-16", "2018-04-23" ,"2018-04-30", "2018-05-07", "2018-09-24", "2018-10-01","2018-10-08", "2018-10-15", "2018-10-22", "2018-10-29", 
                    "2018-11-05", "2018-11-12", "2018-12-03", "2018-12-31", "2019-01-07", "2019-01-14", "2019-01-28", "2019-02-04", "2019-02-18",
                    "2019-03-04", "2019-04-01", "2019-04-15" ,"2019-04-22" ,"2019-04-29" ,"2019-05-06", "2019-05-13")

masked_dates <- c( "2018-12-31", "2019-01-07", "2019-01-14", "2019-01-21" ,"2019-01-28", "2019-02-04", "2019-02-11", "2019-02-18" ,"2019-02-25", "2019-09-09", "2019-09-23",
                   "2019-09-30", "2019-10-07","2019-10-14", "2019-11-04", "2019-11-11" ,"2019-11-18" ,"2019-12-02" ,"2019-12-09" ,"2019-12-16" , 
                   "2020-01-27", "2020-02-03", "2020-02-10", "2020-02-17", "2020-02-24", "2020-03-02", "2020-03-09", "2020-03-16", "2020-03-23", "2020-03-30", "2020-04-06",
                   "2020-04-13", "2020-04-20" ,"2020-04-27")

american_dates <- c("2018-03-05", "2018-03-12", "2018-03-19" ,"2018-03-26", "2018-04-02" ,"2018-04-09" ,"2018-04-16" ,"2018-04-23" ,"2018-04-30", "2018-05-07", "2018-05-14",
                    "2018-05-21", "2019-02-25","2019-03-04" ,"2019-03-11", "2019-03-18", "2019-03-25" ,"2019-04-01", "2019-04-08", "2019-04-15" ,
                    "2019-04-22", "2019-04-29", "2019-05-06", "2019-05-13",
                    "2020-02-10", "2020-02-17", "2020-02-24", "2020-03-02", "2020-03-09", "2020-03-16", "2020-03-23", "2020-03-30", "2020-04-06",
                    "2020-04-13", "2020-04-20" ,"2020-04-27" )
tnf_dates <- c("2016-11-14", "2016-11-28", "2016-12-05", "2016-12-12", "2016-12-19", "2017-11-06", "2017-11-13", "2017-11-27", "2017-12-04", 
               "2017-12-11", "2017-12-25", "2012-09-03", "2013-09-02", "2014-09-01" ,"2015-09-07" ,"2016-09-05" ,"2017-09-04", "2018-09-03", "2019-09-02")

olympics_dates <- c('2016-08-01', '2016-08-15', '2020-07-20', '2020-08-10')
elections_dates <- c("2016-09-26", "2016-10-03", "2016-10-17" , "2016-11-07",  
                     "2020-10-05", "2020-10-12", "2020-10-19", "2020-10-26", "2020-11-02" )
# elections_dates <- c("2016-09-26", "2016-10-03", "2016-10-10", "2016-10-17" ,"2016-10-24", "2016-11-07",  
#                      "2020-10-05", "2020-10-12", "2020-10-19", "2020-10-26", "2020-11-02" )


win_olympics_dates <- c('2018-02-05', '2018-02-19')